8.987289989540704127e+00 5.116960776664734034e+00 1.000000000000000000e+00
1.042817798946269825e+01 4.259687865520176864e+00 1.000000000000000000e+00
-1.232441364734102685e+01 -4.864898691875000125e+00 -1.000000000000000000e+00
-9.844610360848522035e+00 -4.037820139689750398e+00 -1.000000000000000000e+00
-1.024543939508716583e+01 -4.891086100971990369e+00 -1.000000000000000000e+00
9.123957661186056001e+00 3.315856636632222632e+00 1.000000000000000000e+00
1.466236153145048249e+01 -2.479289204074659914e+00 1.000000000000000000e+00
-1.215748642355921660e+01 -6.626591019446672171e+00 -1.000000000000000000e+00
-9.096129376064299166e+00 -5.928539478213924241e+00 -1.000000000000000000e+00
9.885958147096879145e+00 2.743737509077066594e+00 1.000000000000000000e+00
9.461806706926820354e+00 3.076131353653517753e+00 1.000000000000000000e+00
1.054832234360467602e+01 7.412001809393299112e+00 1.000000000000000000e+00
9.274176701231573006e+00 2.537065960131050790e+00 1.000000000000000000e+00
1.292184020037772463e+01 7.474321750901385286e+00 1.000000000000000000e+00
7.133310339106621711e+00 4.878329617714432409e+00 1.000000000000000000e+00
-8.716520320639771668e+00 -4.866887762944935858e-01 -1.000000000000000000e+00
-8.360635592635276225e+00 -6.221322119838157860e+00 -1.000000000000000000e+00
1.127695725420112893e+01 7.924807941296130309e+00 1.000000000000000000e+00
-9.035532333160015028e+00 -4.583341496888461819e+00 -1.000000000000000000e+00
7.449215618202883249e+00 2.732798185113453293e+00 1.000000000000000000e+00
8.915382754806413956e+00 4.969086522743746848e+00 1.000000000000000000e+00
1.136248747463832309e+01 5.280939541019948891e+00 1.000000000000000000e+00
8.037788100884467823e+00 2.533915929906896292e+00 1.000000000000000000e+00
8.995452519241009526e+00 5.037034183508517948e+00 1.000000000000000000e+00
9.788460729805043670e+00 1.602286792979886965e+00 1.000000000000000000e+00
9.703259133056958419e+00 5.182135457363384212e+00 1.000000000000000000e+00
-1.221521310883166400e+01 -4.472892916786197937e+00 -1.000000000000000000e+00
1.038245280788780533e+01 1.939424141946623159e+00 1.000000000000000000e+00
-8.147819934039716827e+00 -5.779458324370549960e+00 -1.000000000000000000e+00
-7.161367246677336595e+00 -5.156283702772519462e+00 -1.000000000000000000e+00
1.126410436359635803e+01 1.252262445914088396e+01 1.000000000000000000e+00
-1.053386954259959296e+01 -4.897448506129943979e+00 -1.000000000000000000e+00
8.550577356410661523e+00 6.943248192289271259e+00 1.000000000000000000e+00
6.631158411751748361e+00 1.075074397115031921e+01 1.000000000000000000e+00
-1.175044053774726649e+01 -5.513309480236688209e+00 -1.000000000000000000e+00
-9.862974760511139749e+00 -5.070263646687805270e+00 -1.000000000000000000e+00
-8.918459353636368547e+00 -4.369358950382935980e+00 -1.000000000000000000e+00
-9.505066646154217480e+00 -1.733983925679945859e+00 -1.000000000000000000e+00
-1.086446991456816313e+01 -5.284523161622125542e+00 -1.000000000000000000e+00
-1.000726354269264995e+01 -3.813936234790055835e+00 -1.000000000000000000e+00
1.005878731030585804e+01 6.749055571773238782e+00 1.000000000000000000e+00
-1.120370291526702644e+01 -4.353733154053637477e+00 -1.000000000000000000e+00
8.182570120611647013e+00 8.247188752284666080e+00 1.000000000000000000e+00
9.135178345177379811e+00 2.301946549788731922e+00 1.000000000000000000e+00
1.044006592160070390e+01 9.430178539720639463e+00 1.000000000000000000e+00
-6.604601323446980032e+00 -5.517825715543628995e+00 -1.000000000000000000e+00
1.060567721773830385e+01 4.453002805989462409e+00 1.000000000000000000e+00
-7.294985347111048846e+00 -4.975629538506518124e+00 -1.000000000000000000e+00
7.754395941434594874e+00 8.729331402321454547e+00 1.000000000000000000e+00
-7.934494905250264907e+00 -5.530234896294778046e+00 -1.000000000000000000e+00
-7.813185861023406176e+00 -7.329357891073966513e+00 -1.000000000000000000e+00
-9.378898141611522021e+00 -3.471267707782290657e+00 -1.000000000000000000e+00
9.721484645764796539e+00 5.006996772772515314e+00 1.000000000000000000e+00
-9.777754088227762708e+00 -3.969712622804268065e+00 -1.000000000000000000e+00
9.060756683559876734e+00 3.080894836158434735e+00 1.000000000000000000e+00
1.127829698493974853e+01 6.206674765199316823e+00 1.000000000000000000e+00
8.530196850829998567e+00 4.264061691846227298e+00 1.000000000000000000e+00
-1.150261243000525191e+01 -5.745921859830022349e+00 -1.000000000000000000e+00
8.666664183708155278e+00 4.721436633366933755e+00 1.000000000000000000e+00
8.719747655299203259e+00 8.135143633980323585e+00 1.000000000000000000e+00
1.090144040616373111e+01 7.626270926174932185e+00 1.000000000000000000e+00
-1.047872425312284328e+01 -3.236501660972498584e+00 -1.000000000000000000e+00
9.673220341050125626e+00 -2.664499431979427513e+00 1.000000000000000000e+00
-1.037636573855919764e+01 -4.658563690539973656e+00 -1.000000000000000000e+00
1.205495167930846279e+01 3.235871941213936509e+00 1.000000000000000000e+00
1.159703205426039929e+01 6.993133042543341560e+00 1.000000000000000000e+00
9.486116853495724754e+00 5.459346347782367381e+00 1.000000000000000000e+00
8.993291858818654561e+00 -4.175709080688617902e+00 1.000000000000000000e+00
8.174519837244014653e+00 3.015760575149226241e+00 1.000000000000000000e+00
-1.050792790008328126e+01 -2.683463467022336957e+00 -1.000000000000000000e+00
8.345796763486168501e+00 6.709936401213994372e+00 1.000000000000000000e+00
-9.923885905194850920e+00 -2.535927594642847005e+00 -1.000000000000000000e+00
-8.988620984373929090e+00 -3.608145568532104441e+00 -1.000000000000000000e+00
1.036935689695489238e+01 5.443754963002437997e+00 1.000000000000000000e+00
1.079575680821009698e+01 2.522009079587579361e+00 1.000000000000000000e+00
-1.221112371740980507e+01 -5.602912052592763814e+00 -1.000000000000000000e+00
-1.174907276787411448e+01 -3.612899959395600380e+00 -1.000000000000000000e+00
9.806852496620566129e+00 3.822611239685659523e+00 1.000000000000000000e+00
7.880338289915460592e+00 5.128848493691369193e+00 1.000000000000000000e+00
1.023007529322019238e+01 5.602059348649481407e+00 1.000000000000000000e+00
-9.193850533097581490e+00 -4.855142628683929651e+00 -1.000000000000000000e+00
1.026023442292841281e+01 7.693254857695619897e+00 1.000000000000000000e+00
1.176602249792334476e+01 7.197511733789760058e+00 1.000000000000000000e+00
-9.884192934713739831e+00 -4.797680225617869887e+00 -1.000000000000000000e+00
-1.033708945389048139e+01 -4.863882041664336242e+00 -1.000000000000000000e+00
-1.030775871873929539e+01 -5.537288525114499649e+00 -1.000000000000000000e+00
1.109093004682047301e+01 6.589069316916441821e+00 1.000000000000000000e+00
1.014334286301403587e+01 1.770939555321905612e+00 1.000000000000000000e+00
-7.431963979231188233e+00 -4.322676170761940107e+00 -1.000000000000000000e+00
-8.681856756844075207e+00 -1.123411844569957463e+00 -1.000000000000000000e+00
-9.426565311099022182e+00 -6.423660583223802512e+00 -1.000000000000000000e+00
9.913545720639092451e+00 2.404816642132794779e+00 1.000000000000000000e+00
9.385493078829366453e+00 1.431622984856276926e+00 1.000000000000000000e+00
1.016758084524962413e+01 4.970092642145668371e+00 1.000000000000000000e+00
1.304049315665896636e+01 -2.131365491071998797e+00 1.000000000000000000e+00
-1.365251471418528162e+01 -4.979335554621058257e+00 -1.000000000000000000e+00
-9.773469801418515956e+00 -7.346342654589086862e+00 -1.000000000000000000e+00
1.079081362845400349e+01 -1.538769693979959996e-01 1.000000000000000000e+00
-1.031994477899859852e+01 -3.226598655808279759e+00 -1.000000000000000000e+00
1.160712987371978677e+01 7.651891094183043585e+00 1.000000000000000000e+00
